1;140
2;170
3;157
4;140
5;135
6;160
7;140
8;140
9;170
10;145
11;150
12;155
13;140
14;150
15;146
16;145
17;155
18;158
19;177
20;166
21;125
22;134
23;155
24;175
25;145
26;189
27;210
28;216
29;236
30;225
31;225
32;223
33;224
34;220
35;210
36;205
37;245
38;230
39;215
40;233
41;215
42;246
43;200
44;210
45;258
46;234
47;220
48;225
49;283
50;225
51;223
52;190
53;221
54;205
55;225
56;225
57;180
58;228
59;255
60;271
61;305
62;235
63;245
64;235
65;265
66;275
67;265
68;324
69;213
70;265
71;270
72;255
73;225
74;295
75;225
76;229
77;230
78;290
79;205
80;279
81;220
82;270
83;247
84;253
85;275
86;225
87;255
88;225
89;270
90;218
91;240
92;230
93;280
94;195
95;310
96;238
97;262
98;250
99;286
100;251
101;215
102;295
103;237
104;289
105;231
106;240
107;230
108;240
109;272
110;233
111;200
112;295
113;241
114;255
115;280
116;305
117;235
118;274
119;220
120;208
121;270
122;253
123;195
124;206
125;285
126;258
127;278
128;252
129;255
130;230
131;255
132;225
133;230
134;260
135;234
136;215
137;253
138;230
139;279
140;260
141;227
142;235
143;230
144;246
145;270
146;239
147;280
148;240
149;235
150;190
151;265
152;255
153;220
154;265
155;255
156;230
157;276
158;260
159;270
160;260
161;250
162;286
163;305
164;235
165;215
166;245
167;232
168;300
169;288
170;275
171;265
172;265
173;200
174;247
175;273
176;200
177;240
178;235
179;275
180;284
181;223
182;250
183;215
184;244
185;230
186;226
187;260
188;253
189;262
190;270
191;270
192;262
193;235
194;230
195;265
196;235
197;240
198;280
199;200
200;239
201;240
202;290
203;250
204;245
205;210
206;235
207;217
208;246
209;245
210;235
211;229
212;260
213;190
214;265
215;235
216;200
217;245
218;235
219;235
220;280
221;250
222;265
223;235
224;240
225;275
226;260
227;298
228;260
229;255
230;260
231;270
232;240
233;275
234;245
235;265
236;248
237;270
238;210
239;220
240;205
241;245
242;238
243;245
244;295
245;268
246;240
247;215
248;235
249;167
250;145
251;145
252;160
253;160
254;136
255;157
256;169
257;133
258;145
259;160
260;165
261;197
262;210
263;193
264;220
265;219
266;224
267;240
268;197
269;215
270;200
271;185
272;188
273;233
274;220
275;220
276;215
277;209
278;191
279;235
280;210
281;230
282;235
283;185
284;214
285;220
286;189
287;220
288;220
289;205
290;224
291;210
292;221
293;240
294;239
295;230
296;190
297;205
298;225
299;240
300;185
301;217
302;224
303;220
304;215
305;241
306;195
307;210
308;215
309;255
310;188
311;211
312;235
313;167
314;180
315;194
316;200
317;195
318;203
319;184
320;225
321;225
322;213
323;241
324;286
325;220
326;215
327;195
328;225
329;212
330;210
331;225
332;190
333;196
334;231
335;196
336;205
337;205
338;220
339;255
340;205
341;183
342;161
343;210
344;200
345;160
346;235
347;183
348;195
349;203
350;172
351;215
352;175
353;176
354;220
355;230
356;215
357;205
358;186
359;185
360;187
361;190
362;215
363;177
364;202
365;210
366;232
367;185
368;181
369;204
370;211
371;230
372;185
373;208
374;185
375;225
376;214
377;203
378;206
379;240
380;260
381;215
382;220
383;253
384;247
385;192
386;201
387;161
388;190
389;189
390;171
391;195
392;195
393;210
394;185
395;182
396;150
397;136
398;155
399;129
400;130
401;160
402;160
403;135
404;137
405;141
406;143
407;156
408;160
409;183
410;159
411;136
412;163
413;195
414;156
415;170
416;140
417;155
418;160
419;157
420;166
421;160
422;125
423;140
424;150
425;170
426;196
427;156
428;175
429;167
430;195
431;175
432;230
433;178
434;150
435;165
436;217
437;231
438;210
439;210
440;180
441;178
442;200
443;205
444;205
445;165
446;175
447;185
448;180
449;186
450;199
451;195
452;219
453;196
454;200
455;195
456;220
457;170
458;219
459;175
460;215
461;195
462;177
463;215
464;181
465;205
466;180
467;172
468;195
469;170
470;195
471;195
472;200
473;185
474;200
475;170
476;160
477;190
478;190
479;196
480;205
481;193
482;223
483;220
484;204
485;170
486;195
487;183
488;210
489;200
490;210
491;238
492;225
493;210
494;205
495;169
496;185
497;215
498;210
499;190
500;157
501;159
502;155
503;143
504;198
505;157
506;180
507;169
508;151
509;185
510;161
511;151
512;160
513;153
514;181
515;195
516;163
517;179
518;153
519;181
520;175
521;160
522;145
523;150
524;135
525;135
526;135
527;135
528;135
529;153
530;200
531;157
532;142
533;170
534;180
535;158
536;179
537;150
538;170
539;178
540;167
541;169
542;209
543;140
544;150
545;180
546;182
547;175
548;158
549;185
550;175
551;165
552;184
553;240
554;190
555;190
556;185
557;205
558;170
559;194
560;170
561;199
562;175
563;180
564;185
565;200
566;190
567;220
568;180
569;200
570;165
571;200
572;238
573;180
574;178
575;161
576;195
577;225
578;185
579;184
580;185
581;215
582;195
583;220
584;180
585;165
586;170
587;180
588;180
589;180
590;225
591;188
592;180
593;201
594;180
595;220
596;218
597;172
598;220
599;189
600;175
601;201
602;190
603;170
604;194
605;145
606;160
607;180
608;185
609;215
610;172
611;176
612;185
613;190
614;180
615;190
616;160
617;155
618;151
619;174
620;153
621;175
622;173
623;141
624;163
625;155
626;171
627;170
628;170
629;190
630;170
631;206
632;170
633;170
634;160
635;160
636;165
637;175
638;150
639;160
640;180
641;167
642;191
643;181
644;177
645;145
646;156
647;150
648;152
649;165
650;135
651;130
652;142
653;130
654;170
655;145
656;156
657;155
658;175
659;190
660;201
661;156
662;155
663;157
664;176
665;152
666;215
667;156
668;175
669;161
670;168
671;167
672;165
673;173
674;145
675;180
676;192
677;185
678;156
679;150
680;173
681;156
682;164
683;195
684;165
685;185
686;135
687;175
688;200
689;164
690;200
691;168
692;215
693;176
694;225
695;215
696;145
697;185
698;186
699;185
700;174
701;235
702;215
703;200
704;237
705;225
706;172
707;215
708;167
709;188
710;175
711;171
712;190
713;185
714;192
715;183
716;212
717;175
718;216
719;195
720;245
721;220
722;240
723;245
724;160
725;192
726;222
727;165
728;210
729;235
730;204
731;182
732;170
733;220
734;205
735;185
736;146
737;181
738;155
739;190
740;202
741;190
742;235
743;210
744;155
745;175
746;207
747;205
748;196
749;165
750;226
751;185
752;180
753;180
754;203
755;231
756;199
757;195
758;160
759;195
760;205
761;191
762;183
763;225
764;205
765;186
766;205
767;200
768;195
769;225
770;201
771;215
772;213
773;222
774;227
775;210
776;185
777;180
778;200
779;252
780;215
781;240
782;179
783;160
784;145
785;125
786;139
787;135
788;123
789;130
790;155
791;139
792;166
793;159
794;140
795;155
796;145
797;140
798;144
799;160
800;146
801;144
802;130
803;155
804;145
805;136
806;140
807;157
808;171
809;140
810;155
811;135
812;145
813;140
814;150
815;174
816;150
817;126
818;146
819;156
820;151
821;153
822;136
823;145
824;160
825;144
826;185
827;151
828;156
829;160
830;130
831;147
832;145
833;160
834;174
835;140
836;150
837;140
838;152
839;170
840;145
841;130
842;157
843;165
844;161
845;170
846;185
847;157
848;145
849;150
850;155
851;156
852;140
853;159
854;147
855;145
856;192
857;161
858;125
859;160
860;165
861;141
862;150
863;160
864;150
865;155
866;130
867;165
868;160
869;135
870;147
871;145
872;156
873;151
874;185
875;162
876;165
877;175
878;144
879;150
880;167
881;175
882;175
883;170
884;156
885;145
886;170
887;163
888;170
889;210
890;155
891;161
892;155
893;140
894;165
895;160
896;142
897;156
898;161
899;170
900;135
901;155
902;188
903;160
904;170
905;140
906;155
907;180
908;173
909;166
910;137
911;165
912;185
913;155
914;183
915;160
916;160
917;159
918;151
919;156
920;140
921;175
922;178
923;158
924;165
925;145
926;190
927;145
928;155
929;165
930;170
931;160
932;175
933;165
934;175
935;145
936;149
937;194
938;201
939;220
940;181
941;190
942;156
943;190
944;155
945;177
946;191
947;165
948;190
949;190
950;172
951;165
952;155
953;171
954;180
955;180
956;180
957;153
958;220
959;160
960;215
961;155
962;180
963;176
964;159
965;177
966;165
967;163
968;180
969;235
970;190
971;181
972;190
973;175
974;155
975;180
976;187
977;208
978;168
979;130
980;155
981;160
982;140
983;145
984;155
985;150
986;222
987;236
988;228
989;190
990;216
991;276
992;206
993;235
994;240
995;120
996;143
997;167
998;150
999;154
1000;155
1001;161
1002;170
1003;161
1004;175
1005;138
1006;150
1007;155
1008;123
1009;136
1010;144
1011;156
1012;135
1013;150
1014;143
1015;165
1016;153
1017;132
1018;140
1019;143
1020;146
1021;140
1022;144
1023;145
1024;140
1025;147
1026;160
1027;155
1028;145
1029;145
1030;154
1031;145
1032;138
1033;149
1034;170
1035;160
1036;128
1037;174
1038;129
1039;165
1040;140
1041;144
1042;140
1043;140
1044;150
1045;155
1046;145
1047;140
1048;133
1049;125
1050;145
1051;133
1052;150
1053;130
1054;150
1055;145
1056;165
1057;160
1058;150
1059;124
1060;127
1061;135
1062;140
1063;145
1064;135
1065;142
1066;152
1067;135
1068;140
1069;143
1070;130
1071;148
1072;132
1073;155
1074;151
1075;138
1076;140
1077;143
1078;164
1079;146
1080;145
1081;157
1082;170
1083;170
1084;155
1085;128
1086;171
1087;161
1088;160
1089;155
1090;150
1091;146
1092;185
1093;152
1094;143
1095;145
1096;150
1097;141
1098;130
1099;116
1100;120
1101;140
1102;108
1103;148
1104;125
1105;155
1106;152
1107;145
1108;160
1109;160
1110;160
1111;107
1112;145
1113;135
1114;135
1115;135
1116;155
1117;171
1118;141
1119;160
1120;150
1121;165
1122;150
1123;160
1124;173
1125;150
1126;122
1127;140
1128;145
1129;150
1130;155
1131;170
1132;135
1133;175
1134;148
1135;155
1136;140
1137;133
1138;150
1139;135
1140;150
1141;135
1142;140
1143;145
1144;153
1145;144
1146;165
1147;160
1148;150
1149;158
1150;155
1151;155
1152;145
1153;145
1154;169
1155;180
1156;125
1157;145
1158;145
1159;165
1160;161
1161;185
1162;136
1163;140
1164;175
1165;165
1166;155
1167;176
1168;150
1169;145
1170;176
1171;140
1172;180
1173;155
1174;159
1175;146
1176;125
1177;147
1178;145
1179;175
1180;165
1181;175
1182;155
1183;150
1184;132
1185;150
1186;145
1187;171
1188;150
1189;165
1190;150
1191;175
1192;157
1193;144
1194;142
1195;145
1196;153
1197;140
1198;139
1199;165
1200;145
1201;149
1202;150
1203;150
1204;165
1205;170
1206;160
1207;130
1208;165
1209;165
1210;160
1211;140
1212;125
1213;155
1214;160
1215;134
1216;145
1217;147
1218;130
1219;138
1220;135
1221;118
1222;125
1223;140
1224;140
1225;150
1226;160
1227;139
1228;150
1229;157
1230;135
1231;160
1232;170
1233;162
1234;165
1235;135
1236;135
1237;147
1238;135
1239;145
1240;135
1241;180
1242;155
1243;122
1244;136
1245;161
1246;141
1247;153
1248;180
1249;150
1250;156
1251;140
1252;142
1253;149
1254;141
1255;160
1256;145
1257;163
1258;155
1259;175
1260;200
1261;171
1262;215
1263;230
1264;196
1265;180
1266;177
1267;236
1268;215
1269;208
1270;220
1271;185
1272;180
1273;115
1274;205
1275;172
1276;160
1277;182
1278;225
1279;140
1280;167
1281;183
1282;190
1283;170
1284;169
1285;200
1286;162
1287;184
1288;211
1289;190
1290;175
1291;175
1292;170
1293;155
1294;147
1295;175
1296;170
1297;150
1298;167
1299;165
1300;185
1301;160
1302;185
1303;132
1304;164
1305;225
1306;172
1307;171
1308;170
1309;181
1310;165
1311;135
1312;135
1313;155
1314;160
1315;145
1316;159
1317;152
1318;150
1319;155
1320;165
1321;186
1322;193
1323;185
1324;138
1325;160
1326;170
1327;175
1328;159
1329;170
1330;140
1331;141
1332;150
1333;149
1334;145
1335;175
1336;190
1337;155
1338;170
1339;160
1340;150
1341;145
1342;164
1343;170
1344;140
1345;160
1346;126
1347;185
1348;150
1349;155
1350;150
1351;153
1352;135
1353;164
1354;115
1355;165
1356;135
1357;144
1358;130
1359;127
1360;125
1361;124
1362;135
1363;120
1364;114
1365;116
1366;124
1367;117
1368;119
1369;125
1370;120
1371;130
1372;125
1373;115
1374;133
1375;115
1376;115
1377;125
1378;130
1379;110
1380;120
1381;125
1382;112
1383;115
1384;125
1385;161
1386;145
1387;162
1388;155
1389;166
1390;150
1391;163
1392;160
1393;180
1394;160
1395;170
1396;187
1397;180
1398;180
1399;155
1400;170
1401;165
1402;164
1403;150
1404;170
1405;167
1406;182
1407;150
1408;159
1409;160
1410;155
1411;165
1412;145
1413;150
1414;181
1415;191
1416;171
1417;161
1418;175
1419;185
1420;152
1421;175
1422;170
1423;143
1424;135
1425;136
1426;155
1427;145
1428;150
1429;127
1430;155
1431;167
1432;140
1433;150
1434;142
1435;147
1436;155
1437;143
1438;154
1439;141
1440;145
1441;146
1442;136
1443;135
1444;125
1445;115
1446;128
1447;130
1448;150
1449;173
1450;155
1451;160
1452;170
1453;175
1454;190
1455;170
1456;170
1457;152
1458;180
1459;155
1460;159
1461;197
1462;156
1463;155
1464;203
1465;145
1466;175
1467;177
1468;165
1469;170
1470;141
1471;175
1472;141
1473;165
1474;136
1475;143
1476;130
1477;156
1478;160
1479;140
1480;141
1481;151
1482;177
1483;155
1484;152
1485;133
1486;146
1487;155
1488;144
1489;185
1490;190
1491;168
1492;215
1493;162
1494;147
1495;185
1496;185
1497;205
1498;155
1499;141
1500;150
1501;180
1502;180
1503;137
1504;135
1505;135
1506;155
1507;145
1508;143
1509;135
1510;140
1511;162
1512;134
1513;135
1514;160
1515;150
1516;165
1517;135
1518;125
1519;145
1520;155
1521;141
1522;149
1523;115
1524;125
1525;126
1526;130
1527;143
1528;140
1529;146
1530;140
1531;157
1532;133
1533;135
1534;127
1535;138
1536;135
1537;148
1538;140
1539;134
1540;130
1541;137
1542;140
1543;157
1544;136
1545;152
1546;145
1547;125
1548;130
1549;148
1550;150
1551;160
1552;130
1553;135
1554;160
1555;135
1556;145
1557;148
1558;149
1559;141
1560;143
1561;133
1562;140
1563;150
1564;125
1565;134
1566;150
1567;140
1568;154
1569;150
1570;150
1571;149
1572;151
1573;162
1574;150
1575;152
1576;162
1577;145
1578;133
1579;147
1580;165
1581;155
1582;165
1583;135
1584;122
1585;125
1586;125
1587;200
1588;220
1589;195
1590;200
1591;175
1592;230
1593;225
1594;210
1595;210
1596;205
1597;195
1598;255
1599;222
1600;260
1601;192
1602;191
1603;205
1604;210
1605;222
1606;201
1607;188
1608;182
1609;210
1610;235
1611;185
1612;194
1613;206
1614;195
1615;211
1616;175
1617;215
1618;208
1619;185
1620;200
1621;201
1622;156
1623;200
1624;164
1625;229
1626;202
1627;200
1628;196
1629;167
1630;190
1631;175
1632;210
1633;220
1634;185
1635;210
1636;204
1637;190
1638;191
1639;220
1640;209
1641;222
1642;240
1643;220
1644;202
1645;208
1646;202
1647;229
1648;209
1649;220
1650;178
1651;190
1652;180
1653;205
1654;200
1655;190
1656;203
1657;205
1658;180
1659;202
1660;180
1661;190
1662;209
1663;190
1664;215
1665;215
1666;210
1667;210
1668;218
1669;175
1670;217
1671;205
1672;185
1673;214
1674;160
1675;189
1676;205
1677;205
1678;199
1679;202
1680;165
1681;223
1682;240
1683;195
1684;175
1685;185
1686;177
1687;226
1688;223
1689;220
1690;190
1691;173
1692;197
1693;214
1694;251
1695;220
1696;215
1697;215
1698;198
1699;230
1700;166
1701;206
1702;197
1703;195
1704;170
1705;196
1706;192
1707;195
1708;190
1709;195
1710;207
1711;220
1712;185
1713;205
1714;140
1715;210
1716;195
1717;227
1718;217
1719;208
1720;205
1721;215
1722;210
1723;265
1724;221
1725;235
1726;203
1727;210
1728;260
1729;205
1730;224
1731;215
1732;220
1733;244
1734;245
1735;218
1736;235
1737;224
1738;185
1739;215
1740;190
1741;235
1742;240
1743;253
1744;206
1745;260
1746;200
1747;260
1748;255
1749;191
1750;245
1751;231
1752;276
1753;216
1754;278
1755;225
1756;207
1757;215
1758;270
1759;257
1760;225
1761;210
1762;275
1763;225
1764;280
1765;205
1766;230
1767;215
1768;218
1769;241
1770;240
1771;235
1772;234
1773;269
1774;235
1775;258
1776;265
1777;270
1778;235
1779;460
1780;505
1781;515
1782;551
1783;425
1784;450
1785;620
1786;495
1787;545
1788;555
1789;547
1790;490
1791;410
1792;445
1793;661
1794;475
1795;675
1796;630
1797;460
1798;580
1799;435
1800;460
1801;428
1802;526
1803;559
1804;525
1805;265
1806;526
1807;415
1808;575
1809;565
1810;490
1811;470
1812;510
1813;480
1814;440
1815;565
1816;420
1817;585
1818;455
1819;525
1820;566
1821;525
1822;455
1823;505
1824;765
1825;430
1826;430
1827;485
1828;510
1829;555
1830;455
1831;515
1832;395
1833;495
1834;481
1835;578
1836;530
1837;540
1838;475
1839;565
1840;575
1841;495
1842;548
1843;495
1844;555
1845;435
1846;525
1847;705
1848;375
1849;493
1850;456
1851;513
1852;456
1853;560
1854;525
1855;530
1856;509
1857;460
1858;395
1859;580
1860;575
1861;406
1862;442
1863;510
1864;525
1865;625
1866;565
1867;565
1868;535
1869;385
1870;625
1871;575
1872;490
1873;560
1874;470
1875;480
1876;310
1877;535
1878;590
1879;430
1880;500
1881;480
1882;525
1883;475
1884;561
1885;560
1886;631
1887;390
1888;560
1889;485
1890;470
1891;525
1892;495
1893;542
1894;533
1895;520
1896;530
1897;610
1898;546
1899;510
1900;373
1901;512
1902;416
1903;495
1904;425
1905;475
1906;570
1907;670
1908;540
1909;585
1910;590
1911;460
1912;630
1913;425
1914;570
1915;455
1916;430
1917;596
1918;450
1919;415
1920;501
1921;521
1922;538
1923;485
1924;561
1925;449
1926;530
1927;480
1928;495
1929;379
1930;475
1931;550
1932;385
1933;505
1934;470
1935;575
1936;380
1937;460
1938;600
1939;577
1940;640
1941;580
1942;436
1943;550
1944;450
1945;645
1946;465
1947;420
1948;465
1949;451
1950;504
1951;470
1952;475
1953;470
1954;645
1955;527
1956;534
1957;711
1958;520
1959;476
1960;495
1961;515
1962;470
1963;415
1964;595
1965;500
1966;500
1967;438
1968;480
1969;470
1970;570
1971;575
1972;430
1973;494
1974;506
1975;470
1976;549
1977;470
1978;438
1979;425
1980;639
1981;511
1982;660
1983;505
1984;440
1985;445
1986;508
1987;412
1988;425
1989;545
1990;630
1991;590
1992;375
1993;472
1994;440
1995;485
1996;510
1997;515
1998;535
1999;536
2000;576
2001;680
2002;320
2003;642
2004;476
2005;450
2006;524
2007;435
2008;500
2009;520
2010;450
2011;560
2012;455
2013;465
2014;415
2015;600
2016;515
2017;560
2018;530
2019;500
2020;405
2021;535
2022;387
2023;602
2024;635
2025;545
2026;615
2027;430
2028;535
2029;475
2030;610
2031;580
2032;545
2033;560
2034;386
2035;490
2036;625
2037;440
2038;355
2039;350
2040;440
2041;665
2042;760
2043;545
2044;460
2045;525
2046;510
2047;413
2048;682
2049;545
2050;450
2051;425
2052;500
2053;620
2054;510
2055;433
2056;535
2057;480
2058;440
2059;655
2060;523
2061;590
2062;615
2063;541
2064;395
2065;495
2066;490
2067;487
2068;530
2069;480
2070;475
2071;627
2072;530
2073;470
2074;451
2075;520
2076;485
2077;570
2078;430
2079;581
2080;485
2081;525
2082;520
2083;495
2084;494
2085;520
2086;524
2087;605
2088;600
2089;571
2090;550
2091;430
2092;405
2093;475
2094;549
2095;545
2096;515
2097;475
2098;572
2099;530
2100;510
2101;445
2102;515
2103;414
2104;470
2105;567
2106;600
2107;535
2108;430
2109;527
2110;539
2111;471
2112;539
2113;570
2114;468
2115;530
2116;425
2117;450
2118;490
2119;340
2120;611
2121;475
2122;395
2123;505
2124;460
2125;455
2126;525
2127;530
2128;455
2129;510
2130;515
2131;575
2132;520
2133;390
2134;465
2135;595
2136;385
2137;383
2138;411
2139;775
2140;780
2141;403
2142;505
2143;500
2144;545
2145;535
2146;376
2147;300
2148;435
2149;405
2150;474
2151;550
2152;658
2153;590
2154;460
2155;481
2156;559
2157;615
2158;465
2159;575
2160;315
2161;592
2162;515
2163;530
2164;395
2165;362
2166;390
2167;450
2168;606
2169;546
2170;445
2171;455
2172;412
2173;490
2174;510
2175;479
2176;502
2177;515
2178;565
2179;555
2180;383
2181;380
2182;500
2183;535
2184;620
2185;455
2186;600
2187;430
2188;589
2189;490
2190;535
2191;402
2192;620
2193;399
2194;535
2195;506
2196;400
2197;460
2198;624
2199;470
2200;450
2201;440
2202;485
2203;505
2204;315
2205;545
2206;625
2207;450
2208;565
2209;555
2210;432
2211;530
2212;447
2213;468
2214;465
2215;520
2216;560
2217;480
2218;430
2219;570
2220;535
2221;565
2222;459
2223;475
2224;495
2225;585
2226;450
2227;460
2228;575
2229;475
2230;522
2231;531
2232;476
2233;490
2234;540
2235;425
2236;535
2237;415
2238;510
2239;465
2240;510
2241;675
2242;575
2243;670
2244;560
2245;446
2246;590
2247;495
2248;520
2249;535
2250;460
2251;536
2252;455
2253;430
2254;349
2255;670
2256;510
2257;586
2258;554
2259;595
2260;480
2261;411
2262;541
2263;700
2264;445
2265;467
2266;695
2267;455
2268;545
2269;530
2270;455
2271;586
2272;490
2273;415
2274;474
2275;435
2276;560
2277;565
2278;560
2279;615
2280;530
2281;370
2282;395
2283;375
2284;691
2285;421
2286;600
2287;430
2288;446
2289;575
2290;438
2291;435
2292;524
2293;535
2294;514
2295;455
2296;454
2297;529
2298;500
2299;495
2300;475
2301;655
2302;485
2303;551
2304;730
2305;560
2306;430
2307;520
2308;523
2309;548
2310;480
2311;385
2312;505
2313;490
2314;575
2315;610
2316;511
2317;570
2318;525
2319;485
2320;625
2321;460
2322;615
2323;435
2324;536
2325;595
2326;562
2327;443
2328;560
2329;476
2330;715
2331;625
2332;530
2333;465
2334;457
2335;520
2336;480
2337;400
2338;587
2339;533
2340;555
2341;492
2342;443
2343;445
2344;420
2345;450
2346;600
2347;585
2348;435
2349;515
2350;536
2351;395
2352;475
2353;411
2354;505
2355;455
2356;540
2357;590
2358;445
2359;550
2360;485
2361;545
2362;513
2363;416
2364;569
2365;510
2366;589
2367;525
2368;375
2369;455
2370;515
2371;500
2372;426
2373;442
2374;670
2375;650
2376;420
2377;446
2378;491
2379;485
2380;434
2381;480
2382;580
2383;562
2384;515
2385;520
2386;515
2387;540
2388;571
2389;560
2390;430
2391;558
2392;412
2393;405
2394;420
2395;485
2396;595
2397;620
2398;405
2399;465
2400;490
2401;495
2402;569
2403;395
2404;500
2405;525
2406;485
2407;595
2408;500
2409;558
2410;450
2411;565
2412;620
2413;470
2414;600
2415;595
2416;428
2417;365
2418;640
2419;575
2420;535
2421;450
2422;470
2423;490
2424;488
2425;410
2426;582
2427;459
2428;417
2429;496
2430;505
2431;450
2432;525
2433;460
2434;560
2435;640
2436;540
2437;401
2438;515
2439;465
2440;470
2441;575
2442;490
2443;594
2444;599
2445;560
2446;500
2447;415
2448;483
2449;428
2450;427
2451;340
2452;390
2453;440
2454;470
2455;480
2456;505
2457;498
2458;375
2459;520
2460;555
2461;449
2462;430
2463;430
2464;500
2465;466
2466;487
2467;450
2468;505
2469;459
2470;475
2471;575
2472;435
2473;620
2474;570
2475;490
2476;453
2477;620
2478;610
2479;525
2480;515
2481;545
2482;555
2483;460
2484;550
2485;394
2486;585
2487;425
2488;536
2489;405
2490;526
2491;360
2492;430
2493;543
2494;460
2495;610
2496;490
2497;490
2498;415
2499;495
2500;495
2501;425
2502;495
2503;547
2504;595
2505;545
2506;420
2507;585
2508;530
2509;530
2510;525
2511;545
2512;585
2513;580
2514;495
2515;490
2516;465
2517;645
2518;560
2519;537
2520;508
2521;500
2522;500
2523;435
2524;495
2525;585
2526;684
2527;515
2528;440
2529;465
2530;415
2531;470
2532;495
2533;555
2534;485
2535;634
2536;440
2537;630
2538;500
2539;580
2540;660
2541;715
2542;435
2543;601
2544;550
2545;525
2546;510
2547;623
2548;431
2549;403
2550;450
2551;414
2552;510
2553;720
2554;535
2555;397
2556;467
2557;540
2558;560
2559;545
2560;560
2561;514
2562;484
2563;520
2564;465
2565;475
2566;591
2567;495
2568;625
2569;655
2570;470
2571;480
2572;600
2573;520
2574;525
2575;355
2576;517
2577;436
2578;535
2579;555
2580;475
2581;525
2582;500
2583;430
2584;400
2585;651
2586;530
2587;396
2588;490
2589;800
2590;520
2591;400
2592;490
2593;540
2594;433
2595;390
2596;485
2597;495
2598;565
2599;480
2600;645
2601;569
2602;391
2603;505
2604;474
2605;500
2606;471
2607;509
2608;690
2609;468
2610;515
2611;530
2612;530
2613;480
2614;595
2615;665
2616;498
2617;430
2618;560
2619;620
2620;427
2621;685
2622;435
2623;465
2624;505
2625;535
2626;575
2627;510
2628;505
2629;465
2630;557
2631;385
2632;400
2633;445
2634;470
2635;519
2636;623
2637;345
2638;515
2639;425
2640;505
2641;370
2642;537
2643;565
2644;522
2645;401
2646;350
2647;704
2648;510
2649;426
2650;565
2651;520
2652;400
2653;565
2654;485
2655;580
2656;480
2657;385
2658;390
2659;465
2660;480
2661;520
2662;502
2663;650
2664;395
2665;445
2666;417
2667;538
2668;655
2669;510
2670;655
2671;605
2672;754
2673;640
2674;630
2675;619
2676;516
2677;845
2678;490
2679;690
2680;660
2681;430
2682;606
2683;630
2684;433
2685;450
2686;620
2687;745
2688;575
2689;640
2690;665
2691;575
2692;665
2693;540
2694;643
2695;600
2696;560
2697;524
2698;635
2699;515
2700;630
2701;550
2702;466
2703;565
2704;660
2705;625
2706;575
2707;665
2708;607
2709;498
2710;580
2711;895
2712;690
2713;600
2714;570
2715;545
2716;755
2717;590
2718;535
2719;435
2720;530
2721;455
2722;855
2723;660
2724;500
2725;840
2726;716
2727;705
2728;645
2729;578
2730;695
2731;494
2732;501
2733;385
2734;695
2735;535
2736;785
2737;645
2738;443
2739;571
2740;727
2741;590
2742;450
2743;452
2744;410
2745;456
2746;580
2747;520
2748;685
2749;650
2750;640
2751;585
2752;648
2753;715
2754;599
2755;480
2756;655
2757;570
2758;743
2759;720
2760;460
2761;830
2762;531
2763;585
2764;495
2765;564
2766;550
2767;660
2768;706
2769;595
2770;585
2771;545
2772;595
2773;485
2774;580
2775;530
2776;670
2777;625
2778;385
2779;515
2780;510
2781;625
2782;641
2783;619
2784;621
2785;635
2786;770
2787;680
2788;540
2789;605
2790;860
2791;645
2792;687
2793;605
2794;530
2795;595
2796;475
2797;605
2798;650
2799;725
2800;670
2801;540
2802;675
2803;670
2804;610
2805;560
2806;681
2807;605
2808;595
2809;585
2810;369
2811;545
2812;625
2813;670
2814;475
2815;665
2816;643
2817;640
2818;405
2819;480
2820;585
2821;625
2822;700
2823;400
2824;745
2825;645
2826;490
2827;650
2828;675
2829;660
2830;856
2831;515
2832;513
2833;845
2834;680
2835;615
2836;440
2837;425
2838;575
2839;688
2840;450
2841;525
2842;582
2843;490
2844;515
2845;675
2846;410
2847;575
2848;540
2849;715
2850;600
2851;670
2852;510
2853;515
2854;535
2855;645
2856;417
2857;512
2858;500
2859;700
2860;720
2861;590
2862;462
2863;795
2864;742
2865;843
2866;615
2867;680
2868;426
2869;502
2870;535
2871;430
2872;580
2873;480
2874;615
2875;500
2876;585
2877;640
2878;580
2879;650
2880;615
2881;745
2882;550
2883;650
2884;447
2885;485
2886;485
2887;755
2888;575
2889;664
2890;718
2891;453
2892;535
2893;760
2894;695
2895;740
2896;695
2897;655
2898;655
2899;510
2900;575
2901;885
2902;496
2903;810
2904;722
2905;805
2906;649
2907;575
2908;530
2909;900
2910;805
2911;773
2912;645
2913;710
2914;570
2915;672
2916;817
2917;550
2918;585
2919;706
2920;750
2921;650
2922;535
2923;425
2924;715
2925;590
2926;479
2927;740
2928;710
2929;725
2930;740
2931;590
2932;510
2933;750
2934;781
2935;770
2936;815
2937;1015
2938;517
2939;590
2940;640
2941;790
2942;910
2943;545
2944;385
2945;505
2946;744
2947;740
2948;970
2949;650
2950;640
2951;845
2952;650
2953;745
2954;717
2955;845
2956;690
2957;787
2958;620
2959;615
2960;735
2961;965
2962;691
2963;439
2964;690
2965;636
2966;465
2967;535
2968;525
2969;665
2970;620
2971;589
2972;555
2973;615
2974;815
2975;730
2976;745
2977;670
2978;638
2979;772
2980;741
2981;755
2982;701
2983;491
2984;415
2985;538
2986;537
2987;695
2988;675
2989;482
2990;817
2991;930
2992;603
2993;625
2994;605
2995;807
2996;740
2997;665
2998;490
2999;750
3000;605
3001;750
3002;732
3003;610
3004;1055
3005;890
3006;543
3007;710
3008;640
3009;600
3010;630
3011;555
3012;725
3013;735
3014;798
3015;510
3016;487
3017;705
3018;705
3019;645
3020;695
3021;605
3022;900
3023;760
3024;600
3025;445
3026;475
3027;860
3028;500
3029;470
3030;718
3031;590
3032;635
3033;525
3034;650
3035;875
3036;645
3037;570
3038;745
3039;725
3040;665
3041;520
3042;640
3043;685
3044;700
3045;645
3046;585
3047;475
3048;775
3049;635
3050;920
3051;545
3052;505
3053;730
3054;745
3055;560
3056;650
3057;777
3058;590
3059;890
3060;835
3061;555
3062;616
3063;860
3064;650
3065;490
3066;645
3067;895
3068;695
3069;615
3070;627
3071;660
3072;670
3073;544
3074;435
3075;850
3076;655
3077;520
3078;430
3079;660
3080;530
3081;619
3082;738
3083;895
3084;865
3085;665
3086;790
3087;458
3088;615
3089;459
3090;483
3091;775
3092;875
3093;715
3094;630
3095;850
3096;770
3097;690
3098;680
3099;745
3100;587
3101;525
3102;600
3103;750
3104;870
3105;545
3106;715
3107;570
3108;615
3109;710
3110;685
3111;575
3112;865
3113;628
3114;525
3115;685
3116;661
3117;741
3118;755
3119;896
3120;710
3121;655
3122;600
3123;600
3124;630
3125;715
3126;690
3127;815
3128;695
3129;585
3130;635
3131;680
3132;790
3133;760
3134;770
3135;505
3136;570
3137;625
3138;825
3139;716
3140;930
3141;603
3142;577
3143;615
3144;720
3145;715
3146;582
3147;650
3148;785
3149;674
3150;620
3151;715
3152;480
3153;750
3154;715
3155;530
3156;625
3157;760
3158;989
3159;480
3160;597
3161;621
3162;656
3163;510
3164;740
3165;716
3166;910
3167;617
3168;565
3169;860
3170;626
3171;505
3172;605
3173;480
3174;525
3175;455
3176;570
3177;645
3178;552
3179;626
3180;565
3181;740
3182;698
3183;572
3184;791
3185;645
3186;600
3187;552
3188;460
3189;790
3190;600
3191;600
3192;380
3193;475
3194;561
3195;680
3196;549
3197;526
3198;730
3199;690
3200;500
3201;655
3202;675
3203;795
3204;540
3205;574
3206;565
3207;485
3208;445
3209;585
3210;662
3211;635
3212;530
3213;565
3214;630
3215;470
3216;637
3217;520
3218;605
3219;535
3220;485
3221;525
3222;485
3223;620
3224;420
3225;410
3226;630
3227;610
3228;487
3229;395
3230;732
3231;605
3232;550
3233;737
3234;350
3235;680
3236;638
3237;453
3238;520
3239;720
3240;625
3241;520
3242;645
3243;510
3244;525
3245;420
3246;435
3247;590
3248;495
3249;450
3250;520
3251;550
3252;557
3253;595
3254;520
3255;565
3256;435
3257;460
3258;480
3259;715
3260;595
3261;575
3262;565
3263;481
3264;605
3265;520
3266;545
3267;478
3268;454
3269;666
3270;626
3271;835
3272;475
3273;505
3274;650
3275;483
3276;510
3277;564
3278;550
3279;430
3280;631
3281;555
3282;525
3283;440
3284;475
3285;800
3286;505
3287;610
3288;435
3289;500
3290;655
3291;645
3292;585
3293;715
3294;620
3295;490
3296;621
3297;625
3298;405
3299;505
3300;739
3301;415
3302;670
3303;497
3304;668
3305;602
3306;660
3307;775
3308;580
3309;620
3310;518
3311;670
3312;583
3313;453
3314;710
3315;465
3316;450
3317;600
3318;445
3319;710
3320;570
3321;495
3322;620
3323;635
3324;450
3325;673
3326;560
3327;675
3328;460
3329;510
3330;405
3331;625
3332;472
3333;510
3334;650
3335;560
3336;696
3337;615
3338;785
3339;630
3340;605
3341;515
3342;453
3343;650
3344;525
3345;500
3346;527
3347;341
3348;500
3349;380
3350;695
3351;615
3352;628
3353;485
3354;650
3355;735
3356;410
3357;526
3358;584
3359;485
3360;540
3361;599
3362;740
3363;585
3364;575
3365;712
3366;665
3367;710
3368;620
3369;655
3370;470
3371;530
3372;495
3373;676
3374;445
3375;590
3376;363
3377;430
3378;554
3379;695
3380;435
3381;750
3382;644
3383;540
3384;482
3385;465
3386;470
3387;545
3388;445
3389;415
3390;730
3391;449
3392;474
3393;570
3394;615
3395;515
3396;665
3397;425
3398;505
3399;747
3400;574
3401;571
3402;599
3403;634
3404;615
3405;455
3406;520
3407;655
3408;640
3409;635
3410;717
3411;670
3412;598
3413;510
3414;495
3415;675
3416;575
3417;420
3418;785
3419;505
3420;730
3421;530
3422;500
3423;640
3424;496
3425;624
3426;375
3427;470
3428;525
3429;630
3430;590
3431;365
3432;370
3433;465
3434;560
3435;561
3436;470
3437;470
3438;485
3439;335
3440;585
3441;510
3442;400
3443;420
3444;445
3445;504
3446;485
3447;510
3448;700
3449;457
3450;635
3451;775
3452;555
3453;605
3454;510
3455;680
3456;535
3457;520
3458;500
3459;470
3460;800
3461;530
3462;555
3463;685
3464;295
3465;520
3466;542
3467;625
3468;550
3469;555
3470;500
3471;490
3472;485
3473;686
3474;560
3475;475
3476;540
3477;565
3478;500
3479;595
3480;502
3481;800
3482;565
3483;405
3484;595
3485;515
3486;465
3487;450
3488;506
3489;415
3490;644
3491;477
3492;450
3493;425
3494;605
3495;535
3496;650
3497;443
3498;470
3499;470
3500;552
3501;450
3502;705
3503;352
3504;490
3505;500
3506;535
3507;525
3508;615
3509;403
3510;489
3511;429
3512;621
3513;705
3514;574
3515;415
3516;440
3517;520
3518;625
3519;545
3520;355
3521;450
3522;580
3523;535
3524;540
3525;415
3526;515
3527;615
3528;470
3529;590
3530;605
3531;620
3532;690
3533;585
3534;775
3535;675
3536;600
3537;560
3538;785
3539;800
3540;457
3541;620
3542;575
3543;460
3544;580
3545;614
3546;540
3547;706
3548;430
3549;835
3550;620
3551;675
3552;505
3553;590
3554;685
3555;485
3556;594
3557;500
3558;560
3559;530
3560;460
3561;460
3562;455
3563;465
3564;485
3565;460
3566;425
3567;470
3568;630
3569;689
3570;570
3571;705
3572;625
3573;480
3574;650
3575;608
3576;537
3577;563
3578;570
3579;590
3580;565
3581;515
3582;590
3583;455
3584;393
3585;445
3586;350
3587;520
3588;435
3589;400
3590;590
3591;430
3592;475
3593;555
3594;460
3595;630
3596;560
3597;485
3598;665
3599;565
3600;630
3601;759
3602;435
3603;525
3604;485
3605;435
3606;540
3607;596
3608;560
3609;510
3610;465
3611;430
3612;630
3613;440
3614;370
3615;510
3616;630
3617;655
3618;430
3619;670
3620;545
3621;540
3622;555
3623;575
3624;680
3625;645
3626;530
3627;575
3628;726
3629;650
3630;350
3631;475
3632;550
3633;530
3634;800
3635;460
3636;533
3637;581
3638;600
3639;626
3640;494
3641;540
3642;730
3643;575
3644;460
3645;535
3646;461
3647;790
3648;525
3649;385
3650;395
3651;715
3652;653
3653;565
3654;505
3655;548
3656;730
3657;540
3658;750
3659;570
3660;425
3661;459
3662;540
3663;535
3664;495
3665;545
3666;560
3667;335
3668;536
3669;640
3670;545
3671;660
3672;740
3673;555
3674;510
3675;485
3676;455
3677;705
3678;695
3679;690
3680;400
3681;545
3682;420
3683;680
3684;730
3685;515
3686;525
3687;600
3688;605
3689;435
3690;410
3691;570
3692;619
3693;630
3694;426
3695;440
3696;675
3697;580
3698;450
3699;550
3700;645
3701;720
3702;590
3703;755
3704;790
3705;720
3706;500
3707;505
3708;555
3709;475
3710;630
3711;611
3712;615
3713;550
3714;595
3715;615
3716;622
3717;520
3718;560
3719;525
3720;530
3721;508
3722;540
3723;488
3724;475
3725;560
3726;495
3727;410
3728;653
3729;537
3730;675
3731;610
3732;395
3733;640
3734;515
3735;445
3736;560
3737;510
3738;490
3739;520
3740;545
3741;525
3742;432
3743;755
3744;535
3745;510
3746;580
3747;505
3748;545
3749;619
3750;441
3751;500
3752;635
3753;555
3754;550
3755;530
3756;505
3757;439
3758;555
3759;530
3760;450
3761;544
3762;530
3763;720
3764;615
3765;644
3766;491
3767;530
3768;550
3769;495
3770;580
3771;430
3772;575
3773;740
3774;742
3775;518
3776;480
3777;555
3778;660
3779;520
3780;583
3781;307
3782;390
3783;590
3784;474
3785;506
3786;376
3787;460
3788;625
3789;600
3790;530
3791;495
3792;495
3793;465
3794;530
3795;566
3796;664
3797;575
3798;374
3799;560
3800;585
3801;495
3802;615
3803;435
3804;660
3805;685
3806;665
3807;419
3808;645
3809;785
3810;565
3811;610
3812;570
3813;445
3814;545
3815;545
3816;655
3817;580
3818;610
3819;610
3820;575
3821;620
3822;495
3823;615
3824;613
3825;680
3826;580
3827;401
3828;615
3829;625
3830;578
3831;812
3832;970
3833;1295
3834;865
3835;1775
3836;1400
3837;600
3838;995
3839;875
3840;690
3841;720
3842;1480
3843;1015
3844;1072
3845;980
3846;1155
3847;770
3848;845
3849;635
3850;1220
3851;885
3852;690
3853;790
3854;1135
3855;1160
3856;1100
3857;1090
3858;720
3859;1215
3860;865
3861;1225
3862;1045
3863;1090
3864;1155
3865;760
3866;965
3867;1090
3868;1425
3869;725
3870;780
3871;630
3872;750
3873;1140
3874;1235
3875;1100
3876;980
3877;810
3878;675
3879;785
3880;1010
3881;705
3882;1010
3883;1050
3884;855
3885;996
3886;960
3887;1050
3888;870
3889;600
3890;915
3891;645
3892;960
3893;550
3894;1010
3895;870
3896;550
3897;920
3898;835
3899;780
3900;785
3901;1040
3902;805
3903;530
3904;845
3905;910
3906;595
3907;715
3908;1155
3909;1140
3910;1165
3911;1115
3912;1190
3913;735
3914;780
3915;840
3916;755
3917;815
3918;530
3919;640
3920;645
3921;940
3922;820
3923;1015
3924;795
3925;815
3926;1320
3927;1080
3928;1115
3929;890
3930;1020
3931;1165
3932;875
3933;1110
3934;710
3935;925
3936;925
3937;1285
3938;680
3939;1265
3940;1020
3941;800
3942;725
3943;1120
3944;835
3945;1160
3946;1285
3947;755
3948;900
3949;900
3950;1195
3951;1140
3952;690
3953;1740
3954;1270
3955;1485
3956;1425
3957;1255
3958;1310
3959;675
3960;690
3961;1430
3962;1170
3963;1095
3964;765
3965;705
3966;900
3967;1000
3968;1080
3969;1270
3970;955
3971;795
3972;1405
3973;905
3974;820
3975;1065
3976;1175
3977;905
3978;735
3979;1170
3980;685
3981;1165
3982;680
3983;765
3984;980
3985;1070
3986;755
3987;985
3988;920
3989;1220
3990;1150
3991;1088
3992;1132
3993;800
3994;895
3995;655
3996;1115
3997;725
3998;1120
3999;985
4000;750
4001;805
4002;625
4003;530
4004;900
4005;705
4006;733
4007;885
4008;721
4009;970
4010;515
4011;851
4012;1095
4013;1200
4014;640
4015;940
4016;945
4017;865
4018;850
4019;1395
4020;945
4021;935
4022;1250
4023;670
4024;830
4025;1120
4026;940
4027;745
4028;1005
4029;927
4030;915
4031;1050
4032;1210
4033;680
4034;955
4035;680
4036;635
4037;1235
4038;820
4039;705
4040;840
4041;841
4042;1195
4043;880
4044;1075
4045;760
4046;758
4047;795
4048;840
4049;860
4050;855
4051;1090
4052;905
4053;1460
4054;1180
4055;820
4056;891
4057;644
4058;700
4059;1395
4060;1280
4061;695
4062;705
4063;930
4064;1090
4065;1050
4066;645
4067;970
4068;1020
4069;945
4070;1115
4071;1035
4072;820
4073;1345
4074;941
4075;860
4076;1100
4077;710
4078;1135
4079;940
4080;1045
4081;1055
4082;960
4083;545
4084;855
4085;765
4086;831
4087;755
4088;1070
4089;1120
4090;340
4091;775
4092;830
4093;1185
4094;715
4095;811
4096;784
4097;820
4098;815
4099;820
4100;730
4101;815
4102;820
4103;995
4104;640
4105;1050
4106;1040
4107;1005
4108;875
4109;1415
4110;1015
4111;821
4112;1069
4113;820
4114;476
4115;1165
4116;1045
4117;650
4118;670
4119;940
4120;710
4121;780
4122;1215
4123;1535
4124;955
4125;1610
4126;590
4127;1115
4128;1120
4129;1135
4130;905
4131;535
4132;996
4133;1350
4134;705
4135;1155
4136;1220
4137;1070
4138;815
4139;1200
4140;730
4141;895
4142;790
4143;745
4144;955
4145;960
4146;860
4147;845
4148;980
4149;935
4150;1120
4151;930
4152;940
4153;990
4154;825
4155;1045
4156;900
4157;890
4158;1115
4159;845
4160;945
4161;1050
4162;980
4163;1110
4164;1775
4165;1131
4166;1120
4167;1085
4168;845
4169;1010
4170;870
4171;805
4172;640
4173;950
4174;930
4175;1160
4176;910
4177;1030
4178;1125
4179;655
4180;1050
4181;840
4182;885
4183;505
4184;790
4185;1300
4186;1039
4187;1001
4188;1179
4189;765
4190;1490
4191;1135
4192;1120
4193;1215
4194;850
4195;855
4196;1020
4197;920
4198;1050
4199;1050
4200;650
4201;765
4202;1075
4203;1004
4204;1160
4205;1105
4206;1130
4207;1080
4208;1400
4209;900
4210;960
4211;1075
4212;2405
4213;845
4214;755
4215;1020
4216;1100
4217;855
4218;965
4219;780
4220;950
4221;795
4222;1045
4223;875
4224;1364
4225;1986
4226;1193
4227;1415
4228;845
4229;885
4230;700
4231;860
4232;965
4233;920
4234;1230
4235;955
4236;980
4237;1405
4238;845
4239;670
4240;1010
4241;790
4242;700
4243;1655
4244;1445
4245;745
4246;665
4247;1060
4248;1710
4249;635
4250;540
4251;700
4252;980
4253;590
4254;770
4255;915
4256;1205
4257;835
4258;535
4259;745
4260;740
4261;900
4262;675
4263;655
4264;985
4265;805
4266;1595
4267;720
4268;800
4269;620
4270;605
4271;745
4272;1170
4273;575
4274;965
4275;675
4276;1160
4277;1350
4278;1150
4279;860
4280;590
4281;1370
4282;1050
4283;850
4284;985
4285;1153
4286;610
4287;770
4288;955
4289;805
4290;685
4291;745
4292;1125
4293;875
4294;705
4295;915
4296;775
4297;855
4298;1165
4299;680
4300;715
4301;800
4302;895
4303;710
4304;740
4305;735
4306;590
4307;905
4308;1005
4309;890
4310;1070
4311;895
4312;890
4313;1100
4314;620
4315;865
4316;985
4317;515
4318;1150
4319;1050
4320;1005
4321;600
4322;795
4323;990
4324;1160
4325;1120
4326;880
4327;665
4328;965
4329;820
4330;720
4331;880
4332;1015
4333;765
4334;935
4335;679
4336;715
4337;845
4338;910
4339;685
4340;1015
4341;990
4342;1150
4343;875
4344;1020
4345;1020
4346;925
4347;935
4348;1240
4349;600
4350;615
4351;840
4352;635
4353;990
4354;855
4355;745
4356;585
4357;980
4358;820
4359;615
4360;1150
4361;860
4362;990
4363;907
4364;590
4365;630
4366;460
4367;1125
4368;635
4369;530
4370;889
4371;990
4372;767
4373;895
4374;585
4375;460
4376;655
4377;1030
4378;550
4379;780
4380;675
4381;950
4382;635
4383;705
4384;690
4385;835
4386;955
4387;660
4388;644
4389;670
4390;720
4391;805
4392;925
4393;755
4394;820
4395;785
4396;830
4397;755
4398;785
4399;555
4400;680
4401;930
4402;910
4403;605
4404;700
4405;805
4406;1137
4407;748
4408;915
4409;1110
4410;1125
4411;840
4412;675
4413;632
4414;1115
4415;620
4416;940
4417;765
4418;866
4419;670
4420;1230
4421;911
4422;760
4423;1130
4424;1105
4425;1045
4426;955
4427;585
4428;870
4429;645
4430;695
4431;1135
4432;705
4433;735
4434;810
4435;735
4436;950
4437;805
4438;815
4439;948
4440;770
4441;720
4442;835
4443;1180
4444;675
4445;870
4446;690
4447;1090
4448;910
4449;955
4450;965
4451;680
4452;500
4453;895
4454;610
4455;689
4456;760
4457;938
4458;825
4459;850
4460;815
4461;730
